in:
  min: [-1.0763022736984587, -1.0820108173731573]
  range: [2.1696178075356345, 2.172137999528438]
out:
  min: [0.1630683978426764]
  range: [0.0247586728935765]
