in:
  min: [-1.071315396807889, -1.0538400957046694]
  range: [2.1518101051690195, 2.1590394218657654]
out:
  min: [0.1648805180812342]
  range: [0.020588509327918253]
